1 0.724151 0.093879 0.021605 0.027263
1 0.637539 0.110082 0.024306 0.040123
1 0.846644 0.139660 0.019676 0.031379
1 0.561728 0.147119 0.022377 0.034979
1 0.078318 0.148663 0.022377 0.026749
1 0.722994 0.270576 0.027006 0.030864
1 0.251157 0.302212 0.022377 0.028292
1 0.406636 0.323302 0.033951 0.028292
1 0.919174 0.332562 0.023534 0.030350
1 0.901813 0.331533 0.016590 0.025206
1 0.392554 0.362140 0.028935 0.027778
1 0.049576 0.375514 0.018133 0.044239
1 0.444637 0.390947 0.030478 0.031893
1 0.538773 0.419496 0.025849 0.032407
1 0.790316 0.417953 0.028164 0.029321
1 0.454090 0.442387 0.030093 0.031893
1 0.641590 0.485597 0.030093 0.030864
1 0.909722 0.489198 0.022377 0.030864
1 0.375965 0.502315 0.023534 0.036523
1 0.032793 0.501286 0.024691 0.024177
1 0.202546 0.541409 0.017747 0.027263
1 0.228781 0.616255 0.020062 0.029835
1 0.814815 0.629115 0.017747 0.029835
1 0.279321 0.641718 0.023920 0.028292
1 0.652778 0.667181 0.022377 0.025720
1 0.575617 0.682613 0.026235 0.041152
1 0.628665 0.677212 0.020448 0.025206
1 0.600887 0.686214 0.024306 0.032922
1 0.289545 0.694444 0.045910 0.025720
1 0.548032 0.696245 0.023534 0.028292
1 0.784722 0.708333 0.021605 0.032922
1 0.586227 0.737912 0.020448 0.030350
1 0.070602 0.760545 0.019290 0.041667
1 0.366898 0.777778 0.032407 0.030864
1 0.763696 0.779578 0.021219 0.033436
1 0.248071 0.786780 0.022377 0.046811
1 0.075810 0.788066 0.019676 0.024691
1 0.887153 0.796296 0.028935 0.036008
1 0.297454 0.820473 0.026235 0.024691
1 0.937114 0.881173 0.023148 0.027778
1 0.720100 0.940844 0.031250 0.042181
1 0.802662 0.935185 0.028164 0.025720