0 0.122685 0.054270 0.028549 0.037551
0 0.237847 0.052212 0.027392 0.033436
0 0.371335 0.127572 0.022762 0.043210
0 0.910494 0.127315 0.024691 0.039609
0 0.596644 0.143776 0.025077 0.034465
0 0.431520 0.163580 0.018133 0.031893
0 0.243056 0.166409 0.028549 0.027263
0 0.360725 0.174640 0.020833 0.037551
0 0.389660 0.179527 0.023148 0.028807
0 0.451582 0.223765 0.025849 0.041152
0 0.315779 0.223251 0.018133 0.036008
0 0.358025 0.220936 0.023920 0.029321
0 0.113619 0.258745 0.026620 0.032922
0 0.496335 0.297325 0.020448 0.033951
0 0.425347 0.382202 0.029707 0.024691
0 0.736497 0.420525 0.040123 0.027263
0 0.428819 0.544239 0.025077 0.036008
0 0.610147 0.545267 0.021991 0.025720
0 0.772569 0.558899 0.025077 0.026235
0 0.708333 0.583848 0.028549 0.031893
0 0.905285 0.588735 0.021991 0.030350
0 0.715278 0.614712 0.029321 0.028807
0 0.197531 0.633745 0.018519 0.036008
0 0.574460 0.663837 0.023148 0.035494
0 0.252122 0.667181 0.027392 0.025720
0 0.355517 0.673611 0.021219 0.033436
0 0.657022 0.707819 0.020833 0.027778
0 0.350887 0.744084 0.021219 0.034465
0 0.781829 0.804270 0.025077 0.029321
0 0.464120 0.862654 0.021605 0.031893
0 0.705054 0.897634 0.018904 0.032922
0 0.460262 0.905864 0.022377 0.031893
0 0.333526 0.903035 0.025849 0.023148