0 0.468557 0.070216 0.023534 0.039609
0 0.222801 0.121142 0.021219 0.036523
0 0.905285 0.147377 0.022762 0.038580
0 0.023920 0.148663 0.025463 0.031893
0 0.411458 0.199074 0.025849 0.028807
0 0.882523 0.209362 0.023534 0.034979
0 0.376350 0.214763 0.018133 0.031379
0 0.724151 0.256430 0.023148 0.028292
0 0.460069 0.272634 0.030478 0.036008
0 0.059992 0.311471 0.029707 0.028292
0 0.895448 0.333333 0.023148 0.031893
0 0.772184 0.422325 0.026620 0.033951
0 0.646798 0.435957 0.021219 0.045782
0 0.348380 0.436728 0.028549 0.028807
0 0.508102 0.434671 0.020062 0.023663
0 0.530864 0.443930 0.022377 0.030864
0 0.365162 0.454990 0.025077 0.030350
0 0.799961 0.472737 0.024306 0.032922
0 0.034336 0.496142 0.025463 0.034465
0 0.591242 0.577160 0.018133 0.042181
0 0.548418 0.581276 0.032793 0.030864
0 0.358796 0.647634 0.038580 0.029835
0 0.720872 0.654321 0.023534 0.041152
0 0.054398 0.675926 0.024691 0.034979
0 0.607446 0.715021 0.018133 0.032922
0 0.331983 0.768261 0.027392 0.037551
0 0.391204 0.792953 0.027778 0.032407
0 0.056906 0.832047 0.024306 0.041667
0 0.755015 0.844393 0.023920 0.034465
0 0.673997 0.912294 0.030093 0.021091
0 0.889082 0.954475 0.030478 0.043724