0 0.767940 0.043467 0.029707 0.028292
0 0.621142 0.201389 0.024691 0.030350
0 0.369792 0.310700 0.025077 0.028807
0 0.322531 0.323560 0.016975 0.031893
0 0.829668 0.332562 0.021991 0.027263
0 0.542438 0.396348 0.029321 0.027263
0 0.345872 0.408179 0.026620 0.030350
0 0.761574 0.494084 0.027778 0.029321
0 0.678241 0.521605 0.020062 0.028807
0 0.440394 0.573560 0.024306 0.028807
0 0.732639 0.597222 0.022377 0.036008
0 0.199653 0.615484 0.028935 0.036523
0 0.500965 0.626286 0.024306 0.034465
0 0.409915 0.642490 0.021219 0.033951
0 0.687500 0.644547 0.021605 0.029835
0 0.016590 0.650463 0.018519 0.027263
0 0.301698 0.654578 0.026235 0.033436
0 0.356867 0.659465 0.025463 0.031893
0 0.404321 0.724280 0.023148 0.026749
0 0.072917 0.746914 0.016204 0.022634
0 0.091049 0.753601 0.023148 0.029835
0 0.733989 0.762603 0.025849 0.037551
0 0.814815 0.769033 0.029321 0.036008
0 0.133681 0.777778 0.025849 0.030864
0 0.321181 0.781379 0.019676 0.038066
0 0.194637 0.796811 0.024306 0.028807
0 0.670718 0.838220 0.024306 0.028292
0 0.323881 0.896091 0.025077 0.028807
0 0.160494 0.913323 0.021605 0.027263
0 0.122106 0.925412 0.028164 0.034979
0 0.826775 0.929527 0.023920 0.033951