0 0.335069 0.050154 0.032793 0.049897
0 0.892361 0.113169 0.027006 0.037037
0 0.956983 0.164866 0.025077 0.031379
0 0.107060 0.227366 0.032793 0.044239
0 0.171682 0.236368 0.028549 0.040638
0 0.079090 0.237397 0.025463 0.035494
0 0.424383 0.256944 0.021605 0.042695
0 0.630401 0.313272 0.024691 0.042181
0 0.296875 0.316872 0.025849 0.044239
0 0.486690 0.357253 0.030478 0.056070
0 0.251543 0.434671 0.025463 0.056584
0 0.733603 0.465278 0.028164 0.029321
0 0.740548 0.489455 0.027392 0.026235
0 0.319444 0.596965 0.022377 0.034465
0 0.493634 0.727623 0.032022 0.043724
0 0.211227 0.832819 0.030478 0.038066
0 0.868827 0.845679 0.033179 0.038066
0 0.666667 0.887088 0.024691 0.035494
0 0.794560 0.905864 0.033565 0.039095