0 0.778356 0.057613 0.035880 0.048354
0 0.104938 0.121399 0.025463 0.032922
0 0.186728 0.135031 0.027778 0.037551
0 0.738040 0.141718 0.035494 0.042695
0 0.023341 0.188529 0.025077 0.049897
0 0.968557 0.204733 0.025849 0.036008
0 0.574653 0.216821 0.032022 0.038580
0 0.366319 0.269547 0.028935 0.041152
0 0.539159 0.290895 0.033565 0.046811
0 0.716435 0.344136 0.025463 0.032922
0 0.868634 0.345422 0.031250 0.035494
0 0.692323 0.347222 0.028935 0.037037
0 0.708912 0.384259 0.037423 0.032922
0 0.109182 0.392747 0.024691 0.041667
0 0.123264 0.418210 0.024306 0.042181
0 0.302662 0.450360 0.026620 0.035494
0 0.428434 0.509516 0.025077 0.029321
0 0.745756 0.592850 0.028549 0.054012
0 0.816937 0.611883 0.029707 0.046811
0 0.469907 0.740226 0.026235 0.033951
0 0.368441 0.743570 0.030864 0.035494
0 0.031057 0.786008 0.026620 0.034979
0 0.444830 0.826389 0.022377 0.038580
0 0.384645 0.876543 0.023148 0.030864