1 0.943287 0.077160 0.036265 0.057613
1 0.553048 0.116255 0.038966 0.046296
1 0.731674 0.140947 0.039738 0.047325
1 0.450810 0.217078 0.035108 0.042181
1 0.729552 0.230710 0.032407 0.052984
1 0.567323 0.265175 0.032793 0.036523
1 0.592400 0.303498 0.031250 0.036008
1 0.040123 0.357510 0.038580 0.048354
1 0.663002 0.378601 0.022762 0.038066
1 0.741705 0.542695 0.045139 0.057613
1 0.230131 0.646348 0.031250 0.039609
1 0.707755 0.678755 0.035108 0.050926
1 0.372685 0.695730 0.040895 0.055041
1 0.327932 0.718107 0.026235 0.043210
1 0.372492 0.752829 0.024306 0.036523
1 0.401427 0.762088 0.027392 0.050926
1 0.400077 0.886831 0.033951 0.048354
1 0.602238 0.916667 0.040123 0.048354
1 0.726273 0.952675 0.037423 0.044239