0 0.217014 0.200617 0.014275 0.009259
0 0.200617 0.208591 0.010031 0.015947
0 0.219329 0.209877 0.015046 0.012346
0 0.932292 0.307099 0.014275 0.023663
0 0.855131 0.400977 0.015818 0.022119
0 0.016590 0.432099 0.015432 0.024691
0 0.770255 0.446502 0.018133 0.019547
0 0.978781 0.543724 0.020062 0.017490
0 0.041088 0.576646 0.017361 0.018519
0 0.061343 0.585391 0.016204 0.020576
0 0.673418 0.605453 0.016590 0.017490
0 0.225694 0.703961 0.020062 0.020062
0 0.157407 0.705504 0.013889 0.019033
0 0.399498 0.751286 0.014275 0.022119
0 0.446566 0.795267 0.015818 0.022634
0 0.610532 0.834105 0.015818 0.018004
0 0.154128 0.841821 0.013503 0.025206
0 0.273920 0.913580 0.020833 0.020576
0 0.667052 0.941615 0.013117 0.021091