0 0.535494 0.062500 0.014660 0.023148
0 0.986497 0.144805 0.019290 0.025206
0 0.652392 0.157665 0.017747 0.025206
0 0.208526 0.237140 0.017361 0.020576
0 0.470872 0.242798 0.015046 0.023663
0 0.474730 0.274177 0.011960 0.021605
0 0.594715 0.285237 0.015046 0.020062
0 0.983218 0.299126 0.016590 0.020062
0 0.610147 0.347994 0.015818 0.021091
0 0.154514 0.370370 0.014275 0.019547
0 0.662809 0.406379 0.020062 0.025720
0 0.648341 0.418467 0.011188 0.026235
0 0.500193 0.438786 0.034336 0.038066
0 0.780671 0.468879 0.019676 0.023148
0 0.166088 0.480967 0.015046 0.024691
0 0.471258 0.479681 0.013503 0.016975
0 0.226273 0.675412 0.018133 0.027778
0 0.428434 0.846708 0.015818 0.019547
0 0.187886 0.866512 0.016204 0.020062