0 0.310957 0.063014 0.016204 0.025206
0 0.046875 0.065844 0.017361 0.020576
0 0.910687 0.088220 0.014275 0.020062
0 0.043210 0.094136 0.016204 0.021605
0 0.763503 0.259259 0.015432 0.016461
0 0.755401 0.331790 0.013889 0.020576
0 0.597222 0.363169 0.017747 0.018519
0 0.299190 0.390947 0.015818 0.022634
0 0.429205 0.457562 0.018904 0.023148
0 0.330633 0.490226 0.013889 0.017490
0 0.861883 0.500000 0.008488 0.011317
0 0.023148 0.527263 0.013889 0.021605
0 0.774498 0.573560 0.016590 0.015432
0 0.588156 0.581533 0.018133 0.029321
0 0.077546 0.594907 0.015432 0.025206
0 0.474923 0.714763 0.016975 0.021091
0 0.012924 0.756687 0.020448 0.016461
0 0.033951 0.801955 0.015432 0.020576
0 0.684992 0.806327 0.015046 0.019033
0 0.563850 0.846708 0.014275 0.019547
0 0.322531 0.898148 0.011574 0.018519
0 0.549769 0.909979 0.013117 0.015432