0 0.899306 0.043210 0.015432 0.020576
0 0.031829 0.171553 0.016590 0.016975
0 0.750000 0.185700 0.015432 0.021605
0 0.047454 0.196502 0.011574 0.019547
0 0.441551 0.212963 0.017361 0.023663
0 0.170139 0.233796 0.015432 0.015947
0 0.173611 0.259002 0.014660 0.018004
0 0.265625 0.292695 0.017361 0.021605
0 0.218750 0.308899 0.015432 0.019033
0 0.620756 0.383488 0.014660 0.019033
0 0.206790 0.398405 0.015432 0.025206
0 0.973573 0.470422 0.015046 0.019033
0 0.897569 0.574588 0.018904 0.023663
0 0.495563 0.615741 0.020448 0.022634
0 0.232253 0.657665 0.018519 0.027263
0 0.152778 0.769805 0.019290 0.026235
0 0.446566 0.809414 0.017361 0.024177
0 0.488426 0.824846 0.014660 0.019033
0 0.505787 0.829733 0.016975 0.022634
0 0.271991 0.831790 0.013889 0.019547
0 0.542052 0.895576 0.015432 0.029835
0 0.555556 0.918210 0.018519 0.027778
0 0.022955 0.947016 0.013503 0.017490
0 0.667438 0.952932 0.014660 0.015947
0 0.292245 0.967850 0.021219 0.027263