0 0.509259 0.012860 0.017747 0.019547
0 0.189043 0.018519 0.013889 0.018519
0 0.032022 0.250000 0.016204 0.019547
0 0.413966 0.447274 0.011574 0.014918
0 0.673225 0.474280 0.019290 0.024691
0 0.771798 0.475051 0.020448 0.023148
0 0.266011 0.495370 0.018133 0.029835
0 0.516975 0.510802 0.016975 0.025720
0 0.191358 0.517233 0.015432 0.018004
0 0.039738 0.563529 0.015432 0.021091
0 0.104938 0.771348 0.019290 0.026235
0 0.825617 0.893776 0.016204 0.020062
0 0.937693 0.922325 0.018133 0.021605
0 0.954475 0.929784 0.016975 0.019033
0 0.701582 0.954990 0.009645 0.016975