0 0.453511 0.274434 0.025849 0.035494
0 0.489776 0.452932 0.015046 0.020062
0 0.170332 0.627315 0.015046 0.020062
0 0.221258 0.649434 0.018133 0.024177
0 0.887539 0.657922 0.017361 0.022634
0 0.296489 0.698045 0.012731 0.017490
0 0.511574 0.712191 0.013889 0.018004
0 0.426119 0.768261 0.013503 0.018004
0 0.364969 0.775206 0.012346 0.016461
0 0.168017 0.781636 0.018133 0.024177
0 0.566165 0.777521 0.011960 0.015947
0 0.821181 0.801440 0.016590 0.021605
0 0.628472 0.915638 0.013889 0.018519
0 0.090856 0.916409 0.013503 0.018004
0 0.132716 0.947531 0.016975 0.022634