0 0.520255 0.044496 0.017361 0.018004
0 0.262924 0.074588 0.016590 0.019547
0 0.548032 0.077160 0.015818 0.023663
0 0.368634 0.088220 0.018133 0.031379
0 0.541474 0.100309 0.018904 0.026749
0 0.566165 0.099280 0.019676 0.024691
0 0.595100 0.126543 0.013503 0.018519
0 0.165123 0.198302 0.055556 0.061214
0 0.588349 0.229681 0.014660 0.019033
0 0.143904 0.241512 0.012346 0.025206
0 0.156443 0.247685 0.020448 0.034465
0 0.375772 0.288580 0.027778 0.037037
0 0.329090 0.284208 0.015432 0.021091
0 0.343364 0.282922 0.013117 0.016461
0 0.402006 0.314558 0.020833 0.027263
0 0.035494 0.325617 0.006173 0.010288
0 0.284722 0.365998 0.013889 0.023148
0 0.815972 0.364712 0.017747 0.019547
0 0.801890 0.367541 0.013503 0.020062
0 0.563079 0.399434 0.023534 0.020062
0 0.527006 0.467850 0.017747 0.023148
0 0.579475 0.478909 0.027778 0.044239
0 0.592593 0.549897 0.019290 0.023663
0 0.086420 0.556070 0.018519 0.023663
0 0.316744 0.570730 0.013889 0.019033
0 0.187886 0.578447 0.016204 0.023148
0 0.482253 0.609825 0.022377 0.041667
0 0.148341 0.623200 0.014275 0.020062
0 0.750772 0.673868 0.013117 0.014403
0 0.350694 0.691615 0.015432 0.015947
0 0.719907 0.696759 0.016975 0.018004
0 0.065394 0.709105 0.015046 0.018004
0 0.614390 0.793467 0.018133 0.022119
0 0.728974 0.800926 0.011960 0.021605
0 0.500000 0.805556 0.019290 0.023663
0 0.737269 0.813529 0.016975 0.021091
0 0.800540 0.958333 0.008488 0.013374