0 0.211613 0.157665 0.014275 0.023148
0 0.648148 0.188272 0.016975 0.021605
0 0.654128 0.211163 0.014275 0.016975
0 0.216435 0.393261 0.016204 0.025206
0 0.715664 0.393261 0.016975 0.025206
0 0.729552 0.390947 0.010031 0.016461
0 0.185764 0.401492 0.016590 0.023148
0 0.862461 0.424897 0.021219 0.025720
0 0.102045 0.435185 0.016590 0.021605
0 0.554784 0.437757 0.019290 0.024691
0 0.762346 0.444444 0.017747 0.025720
0 0.634066 0.500000 0.025849 0.027778
0 0.745563 0.518261 0.015046 0.019033
0 0.235725 0.528807 0.016975 0.020576
0 0.539931 0.578189 0.019676 0.024691
0 0.898534 0.599280 0.016204 0.022634
0 0.596258 0.599794 0.016590 0.022634
0 0.262153 0.618827 0.008873 0.017490
0 0.343171 0.656379 0.016590 0.021605
0 0.605710 0.704733 0.016204 0.021605
0 0.868441 0.859825 0.016975 0.020062
0 0.738233 0.878858 0.019676 0.043724
0 0.173032 0.880144 0.018133 0.021605
0 0.234761 0.909208 0.018133 0.022119