0 0.286265 0.064558 0.017747 0.022119
0 0.464120 0.094393 0.018519 0.021091
0 0.410687 0.160751 0.014275 0.022119
0 0.019483 0.300154 0.014275 0.020062
0 0.215856 0.307870 0.018904 0.026235
0 0.253472 0.346965 0.017747 0.025206
0 0.542631 0.409208 0.018904 0.023148
0 0.923997 0.478138 0.016204 0.022119
0 0.764660 0.512860 0.016975 0.022634
0 0.029321 0.564043 0.013889 0.019033
0 0.041667 0.584362 0.016204 0.021605
0 0.339506 0.586420 0.019290 0.024691
0 0.637539 0.630916 0.025849 0.032407
0 0.788387 0.730453 0.018904 0.024691
0 0.025077 0.737654 0.019290 0.025720
0 0.148727 0.736111 0.015818 0.021605
0 0.931520 0.978909 0.018133 0.022634