0 0.907793 0.013117 0.020062 0.024177
0 0.888117 0.019033 0.017747 0.025720
0 0.347029 0.034465 0.011188 0.018519
0 0.186150 0.097994 0.023534 0.030350
0 0.396798 0.099537 0.017361 0.021091
0 0.280093 0.181842 0.016204 0.021091
0 0.597608 0.244856 0.012346 0.017490
0 0.467207 0.320216 0.012346 0.023148
0 0.690201 0.368827 0.030864 0.037037
0 0.553819 0.445216 0.015818 0.021091
0 0.538580 0.453704 0.020833 0.021605
0 0.288194 0.495113 0.020833 0.023148
0 0.734375 0.531379 0.014275 0.024691
0 0.697145 0.541924 0.009259 0.024177
0 0.544560 0.780864 0.016590 0.023663
0 0.839506 0.862654 0.019290 0.026749
0 0.271026 0.861111 0.018133 0.022634
0 0.217400 0.907665 0.018904 0.029321
0 0.603781 0.937757 0.017747 0.018519