1 0.126157 0.025463 0.032407 0.033436
1 0.117284 0.207047 0.027778 0.033436
1 0.119406 0.381173 0.026620 0.031893
1 0.556906 0.389146 0.023534 0.035494
1 0.347029 0.489969 0.021991 0.027263
1 0.155285 0.547068 0.023534 0.025206
1 0.627122 0.555813 0.020448 0.025206
1 0.358989 0.599280 0.021991 0.037037
1 0.622299 0.630401 0.018519 0.027263
1 0.594907 0.636831 0.016204 0.031893
1 0.518904 0.638889 0.023148 0.031893
1 0.451582 0.655093 0.024306 0.038580
1 0.461806 0.773663 0.030093 0.034979
1 0.207369 0.860340 0.029707 0.033436
1 0.243634 0.951389 0.021219 0.029321
1 0.186343 0.952418 0.018519 0.030350