0 0.180556 0.251800 0.027778 0.047840
0 0.153549 0.255401 0.019290 0.038580
0 0.517168 0.321502 0.025077 0.039095
0 0.038966 0.415123 0.030864 0.038066
0 0.024498 0.460648 0.023534 0.036523
0 0.694444 0.473251 0.020833 0.045267
0 0.377894 0.480195 0.034336 0.035494
0 0.483025 0.521091 0.037037 0.058642
0 0.697724 0.526492 0.033565 0.031379
0 0.277392 0.626543 0.025463 0.063786
0 0.353781 0.690072 0.024691 0.035494
0 0.464313 0.728395 0.022762 0.026749
0 0.657215 0.760545 0.028164 0.038580
0 0.639082 0.813529 0.038966 0.041667