0 0.247299 0.076903 0.027778 0.048868
0 0.304784 0.376286 0.028549 0.026235
0 0.486304 0.426183 0.031250 0.099280
0 0.714506 0.430298 0.029321 0.031379
0 0.880787 0.486626 0.021605 0.026749
0 0.228588 0.493570 0.027392 0.033436
0 0.868248 0.510288 0.019676 0.027778
0 0.744406 0.575874 0.024306 0.029321
0 0.736497 0.599794 0.028549 0.032922
0 0.362076 0.614198 0.020448 0.029835
0 0.507137 0.623457 0.020448 0.031893
0 0.644097 0.627572 0.025849 0.037037
0 0.575424 0.648663 0.025077 0.030864
0 0.837191 0.650720 0.032407 0.036008
0 0.557870 0.808128 0.022377 0.028807
0 0.536458 0.824846 0.020448 0.031379
0 0.936728 0.831019 0.027778 0.029321
0 0.670139 0.863683 0.019290 0.031893