0 0.736883 0.065329 0.035494 0.044239
0 0.806906 0.118827 0.024306 0.019547
0 0.169367 0.126543 0.018519 0.027778
0 0.645448 0.177984 0.013117 0.016461
0 0.676505 0.202160 0.025849 0.038066
0 0.321952 0.226080 0.023534 0.027263
0 0.975887 0.226337 0.022762 0.022634
0 0.109954 0.253086 0.023148 0.027778
0 0.834298 0.281893 0.021219 0.028807
0 0.555556 0.307613 0.020062 0.025720
0 0.347608 0.321502 0.008488 0.011317
0 0.256366 0.332305 0.021219 0.028807
0 0.852816 0.389918 0.009645 0.017490
0 0.861111 0.397891 0.011574 0.016975
0 0.491127 0.430813 0.016204 0.021091
0 0.903742 0.482767 0.027392 0.034465
0 0.157986 0.529835 0.020448 0.030864
0 0.912230 0.541924 0.021219 0.038580
0 0.232832 0.577418 0.021991 0.026235
0 0.166281 0.609311 0.019290 0.029321
0 0.307485 0.627315 0.022377 0.024177
0 0.036265 0.666924 0.024691 0.028292
0 0.887924 0.672840 0.018904 0.036008
0 0.416667 0.737140 0.025463 0.032922
0 0.975694 0.740998 0.020062 0.031379
0 0.542245 0.827418 0.020448 0.026235
0 0.800347 0.870113 0.022762 0.030350
0 0.922840 0.964506 0.020062 0.028807
0 0.972029 0.967850 0.021219 0.026235