0 0.990741 0.099023 0.015432 0.018004
0 0.032215 0.128344 0.028935 0.037551
0 0.171296 0.158436 0.033179 0.045267
0 0.903742 0.150463 0.020448 0.027263
0 0.423997 0.167953 0.027006 0.036523
0 0.992284 0.278035 0.012346 0.019033
0 0.963735 0.291409 0.022377 0.031379
0 0.371142 0.350051 0.017747 0.028292
0 0.653742 0.444444 0.023534 0.033951
0 0.780285 0.471451 0.027392 0.032407
0 0.329475 0.549640 0.018519 0.029321
0 0.043017 0.660237 0.023534 0.032407
0 0.173032 0.721965 0.026620 0.039609
0 0.381559 0.771862 0.023148 0.027263
0 0.053434 0.799897 0.026620 0.030864
0 0.347222 0.815844 0.023148 0.026749
0 0.219715 0.865226 0.018904 0.032922
0 0.137346 0.889660 0.020062 0.035494
0 0.114776 0.921553 0.025849 0.025206
0 0.806906 0.957047 0.022762 0.033436
0 0.320216 0.960905 0.027778 0.038066
0 0.655671 0.961934 0.021219 0.033951