0 0.546489 0.019547 0.018904 0.025720
0 0.829861 0.025463 0.020062 0.038580
0 0.684028 0.054012 0.017747 0.026749
0 0.154321 0.070730 0.020833 0.028292
0 0.561535 0.109825 0.026620 0.034465
0 0.437114 0.123714 0.019290 0.030350
0 0.125386 0.162037 0.028549 0.042181
0 0.248650 0.163066 0.024306 0.030864
0 0.301119 0.161780 0.021219 0.028292
0 0.494213 0.255658 0.023148 0.032922
0 0.412423 0.266975 0.022377 0.030864
0 0.274113 0.301440 0.021991 0.029835
0 0.829668 0.346708 0.025077 0.033951
0 0.585841 0.402778 0.020448 0.042181
0 0.420332 0.444187 0.017361 0.027263
0 0.426890 0.461420 0.018904 0.022634
0 0.282600 0.472994 0.025849 0.036523
0 0.630787 0.487140 0.029321 0.026749
0 0.262924 0.612654 0.017361 0.031893
0 0.423032 0.631173 0.027392 0.037037
0 0.513696 0.642233 0.026620 0.037551
0 0.465664 0.652006 0.024691 0.042695
0 0.114583 0.648920 0.024691 0.023148
0 0.742284 0.655350 0.027778 0.036008
0 0.282793 0.676955 0.027778 0.036008
0 0.973380 0.767233 0.025463 0.037551
0 0.181327 0.814558 0.020833 0.028292
0 0.575424 0.835134 0.025077 0.032407
0 0.936728 0.852366 0.018519 0.036008
0 0.882523 0.887603 0.025849 0.043724
0 0.694830 0.904835 0.027006 0.032922
0 0.313079 0.922840 0.020448 0.037037
0 0.943094 0.949074 0.025077 0.036008
0 0.128858 0.957562 0.027006 0.032407