0 0.849344 0.060957 0.024306 0.033436
0 0.145255 0.207047 0.025077 0.036523
0 0.184992 0.368056 0.021219 0.027263
0 0.300154 0.454990 0.023148 0.028292
0 0.391590 0.529321 0.022377 0.045267
0 0.512924 0.529321 0.024306 0.028807
0 0.939236 0.530864 0.021991 0.030864
0 0.202546 0.543981 0.026235 0.032407
0 0.515239 0.550926 0.028935 0.031893
0 0.277778 0.568930 0.025463 0.034979
0 0.179205 0.674383 0.025077 0.031893
0 0.592785 0.681584 0.025077 0.034979
0 0.485918 0.690072 0.019676 0.028292
0 0.361690 0.730967 0.021219 0.029835
0 0.978395 0.820216 0.020062 0.025206
0 0.085262 0.844907 0.018519 0.025206
0 0.735918 0.942644 0.024306 0.030350
0 0.895833 0.977109 0.019290 0.028292