0 0.063465 0.028035 0.027392 0.043724
0 0.902971 0.015947 0.008102 0.012346
0 0.431906 0.148663 0.024306 0.041152
0 0.108989 0.213735 0.027392 0.038580
0 0.510224 0.234311 0.019676 0.026235
0 0.813850 0.286523 0.025077 0.041152
0 0.781057 0.323045 0.022762 0.027778
0 0.411073 0.339506 0.023534 0.025720
0 0.270255 0.359053 0.023534 0.028807
0 0.099344 0.415123 0.028164 0.031893
0 0.298418 0.414866 0.028935 0.029321
0 0.629051 0.458333 0.014275 0.022634
0 0.703125 0.514660 0.020448 0.040638
0 0.686921 0.528549 0.022762 0.040638
0 0.312307 0.537551 0.019676 0.028807
0 0.701968 0.734311 0.015046 0.016975
0 0.614198 0.782922 0.020833 0.025720
0 0.135224 0.800154 0.025077 0.035494
0 0.702932 0.908693 0.014660 0.022119
0 0.674961 0.923097 0.021219 0.033436
0 0.082369 0.980453 0.020448 0.026749