0 0.369406 0.036523 0.027392 0.039095
0 0.291860 0.102366 0.028935 0.036008
0 0.901235 0.117798 0.025463 0.034979
0 0.309221 0.245370 0.035880 0.027778
0 0.651427 0.265689 0.024306 0.037551
0 0.434799 0.288323 0.028549 0.028292
0 0.267168 0.361883 0.032793 0.035494
0 0.760417 0.624228 0.024691 0.031379
0 0.240741 0.696245 0.046296 0.048868
0 0.306713 0.703961 0.021605 0.028292
0 0.298611 0.724537 0.021605 0.034465
0 0.832948 0.819187 0.020062 0.025206
0 0.139082 0.908179 0.025077 0.036523
0 0.055363 0.960905 0.035108 0.025720