0 0.382330 0.032407 0.026235 0.031893
0 0.679205 0.074588 0.019676 0.031893
0 0.356674 0.124228 0.023534 0.031379
0 0.620370 0.122942 0.024691 0.029835
0 0.413387 0.170010 0.022762 0.030350
0 0.857253 0.171553 0.030093 0.028292
0 0.332948 0.175412 0.023148 0.028807
0 0.971836 0.218621 0.027006 0.025720
0 0.032793 0.237397 0.018519 0.031379
0 0.271026 0.303498 0.024306 0.032922
0 0.826196 0.310957 0.021219 0.027263
0 0.181713 0.460905 0.023920 0.034979
0 0.254244 0.579218 0.030093 0.033951
0 0.562693 0.705504 0.033565 0.034465
0 0.505015 0.811728 0.022377 0.038066
0 0.251543 0.834362 0.030864 0.034979
0 0.815779 0.899691 0.028935 0.034979
0 0.206790 0.969393 0.018519 0.039609