0 0.686343 0.087449 0.025463 0.026749
0 0.635995 0.154321 0.021219 0.034979
0 0.117863 0.283693 0.022762 0.028292
0 0.139082 0.283179 0.015046 0.020062
0 0.842785 0.290381 0.023534 0.029321
0 0.942515 0.298868 0.033179 0.044239
0 0.402006 0.307356 0.022377 0.030350
0 0.136188 0.305298 0.008488 0.019033
0 0.165509 0.488169 0.027778 0.032922
0 0.279707 0.511317 0.009259 0.019547
0 0.698881 0.542181 0.011188 0.012346
0 0.413002 0.578961 0.032022 0.022119
0 0.144290 0.696502 0.015432 0.021605
0 0.501736 0.717078 0.023534 0.037037
0 0.069637 0.853395 0.028935 0.030864
0 0.734182 0.938014 0.026235 0.026235
0 0.161651 0.959877 0.019290 0.038066