0 0.359568 0.057356 0.025463 0.042695
0 0.540123 0.121656 0.022377 0.030350
0 0.119599 0.144033 0.028549 0.036008
0 0.125772 0.173868 0.026235 0.031893
0 0.763889 0.224794 0.023920 0.029835
0 0.638503 0.255916 0.025463 0.032407
0 0.968171 0.274949 0.028164 0.033436
0 0.755787 0.331790 0.017747 0.027778
0 0.897569 0.382716 0.028935 0.036008
0 0.182485 0.480967 0.019290 0.027778
0 0.108603 0.492284 0.021991 0.030864
0 0.616898 0.564300 0.027778 0.037037
0 0.383295 0.622428 0.025849 0.034979
0 0.277971 0.665638 0.028164 0.034979
0 0.134066 0.748200 0.021991 0.025206
0 0.558063 0.949846 0.029707 0.038580