0 0.117863 0.081533 0.023534 0.034465
0 0.389660 0.139403 0.027778 0.027778
0 0.617284 0.168981 0.026235 0.031379
0 0.921875 0.255401 0.022762 0.031379
0 0.394097 0.275720 0.021991 0.029835
0 0.491512 0.284465 0.021605 0.034979
0 0.467014 0.385802 0.031250 0.033951
0 0.429398 0.393261 0.023148 0.040638
0 0.442130 0.442644 0.020062 0.034465
0 0.497106 0.485340 0.025077 0.031379
0 0.537616 0.553241 0.024306 0.030350
0 0.560185 0.570473 0.019290 0.036008
0 0.132909 0.606224 0.022762 0.029321
0 0.534915 0.710391 0.020448 0.028807
0 0.424576 0.826389 0.023534 0.031379
0 0.139082 0.925669 0.026620 0.029321